00125377 
00099496 
30214467 
00023157 
30799571 
00037138 
30F28858 
30785432 
30F12996 
30785432 
00134880 
30624888 
30775158 
30624890 
30630460 
30799727 
30779818 
30775153 
30R32651 
00134880 
30624888 
30624890 
00150309 
30630460 
00023157 
00134880 
30624888 
30749417 
30624890 
30630460 
00023144 
00060321 
30785144 
00150309 
00150309 
00139043 
00251120 
CPA20127 
00036295 
00062284 
00094070 
00022320 
30760801 
00014277 
00220414 
00200526 
00050981 
00079010 
00181123 
00190004 
00162806 
DN2000020 
FIRSANTOL    
00079010 
30765291 
00011324 
00079010 
30765291 
00031083 
30785436 
00125516 
00150309 
00079010 
00251120 
00091877 
00079010 
00079010 
00190679 
00181212 
00150309 
30765291 
00040237 
IS2000013 
00079010 
00090436 
00133519 
30797395 
00150309 
00079010 
00400668 
NEOFOLIONE   
00180451 
00014375 
00220761 
00070736 
EZ2000051 
KL2000167 
00220761 
00020903 
00210065 
00037753 
00010638 
C92000005 
00090782 
SQ2000054 
00133303 
C82000017 
00210065 
C82000017 
AX2000012 
00141002 
00210065 
KL2000248 
00015498 
00125377 
30214467 
00023157 
00099496 
00181123 
00079010 
00220414 
00162806 
00050981 
00200526 
00190004 
00125377 
30214467 
00023157 
00099496 
00134880 
30624888 
30630460 
30775158 
30624890 
30779818 
30799727 
30775153 
30R32651 
00134880 
30624888 
30630460 
00150309 
30624890 
00023157 
00134880 
30624888 
30630460 
30749417 
00023144 
30624890 
00060321 
30785144 
00150309 
00150309 
00139043 
00062284 
00251120 
CPA20127 
00036295 
00094070 
00014277 
30760801 
00022320 
00181123 
00079010 
00220414 
00162806 
00050981 
00200526 
00190004 
DN2000020 
00079010 
FIRSANTOL    
30765291 
00011324 
00079010 
30765291 
00031083 
30785436 
00125516 
00150309 
00079010 
00251120 
00091877 
00079010 
00079010 
00190679 
00181212 
00150309 
30765291 
00040237 
IS2000013 
00079010 
00090436 
30797395 
00150309 
00079010 
00133519 
00014375 
00180451 
NEOFOLIONE   
00400668 
00220761 
00070736 
EZ2000051 
00220761 
00020903 
KL2000167 
00210065 
00037753 
00134599 
00015498 
00020903 
DN2000016 
00090782 
SQ2000054 
00133303 
C82000017 
00210065 
C82000017 
AX2000012 
00141002 
00210065 
00015498 
KL2000248 
00041322 
C92000005 
00010638 
30799571 
00037138 
30F28858 
30785432 
30785432 
30F12996 
00140256 
00151180 
00251120 
30802590 
30R33795 
00150309 
30797395 
00079010 
00133519 
00150309 
30797395 
00079010 
00133519 
00150309 
30797395 
00079010 
00133519 
00201307 
30388186 
00014957 
00150335 
00150528 
00014977 
00160172 
00094070 
00167550 
30R32712 
00036043 
00091877 
00079010 
00050180 
00050012 
D52000056 
00139410 
30775158 
00150335 
00150528 
00014977 
00160172 
00094070 
00167550 
00201307 
30388186 
00014957 
30R32712 
00036043 
00150335 
00150528 
00014977 
00160172 
00094070 
00167550 
00201307 
30388186 
00014957 
30R32712 
00036043 
30799571 
30F28858 
00037138 
30799571 
30F28858 
00037138 
30F28858 
30799571 
00037138 
00079010 
00091877 
00037138 
30765291 
00050981 
00181123 
00220414 
00200526 
00079010 
00162806 
00190004 
00251120 
00079010 
30797395 
00133519 
00150309 
00079010 
00091877 
00010638 
C92000005 
30224253 
00120567 
00093607 
00187050 
00070718 
00187068 
00190526 
00120952 
00200453 
00158192 
00014653 
00203849 
30F13916 
00150309 
30F13916 
00150309 
30785432 
00201307 
00201307 
30F13916 
00150309 
30785432 
30624888 
00134880 
00150309 
30624890 
30630460 
00133519 
00150309 
00079010 
30797395 
00091877 
00079010 
00037138 
30F28858 
00037138 
30799571 
00037138 
30765291 
C92000005 
00010638 
00037753 
00150309 
00150309 
00125377 
00023157 
00099496 
30214467 
30785432 
00060321 
30624888 
00134880 
30624890 
30775158 
30630460 
00014277 
30760801 
00094070 
00022320 
00201307 
00201307 
30F12996 
30785432 
30F12996 
30785432 
30F12996 
30785432 
00210065 
SQ2000054 
00090782 
30775153 
30799727 
30779818 
AX2000012 
00070736 
00220761 
30624888 
30749417 
00134880 
00023144 
00023157 
30624890 
30630460 
C82000017 
00210065 
00251120 
00090436 
00150309 
30765291 
00133303 
00141002 
C82000017 
KL2000167 
00220761 
00020903 
00210065 
EZ2000051 
30R32651 
30224253 
00203849 
00014653 
00200453 
00093607 
00190526 
00070718 
00187050 
00120952 
00120567 
00187068 
00158192 
00050981 
00079010 
00190004 
00220414 
00200526 
00181123 
00162806 
00251120 
00091877 
00079010 
00133519 
00150309 
00079010 
30797395 
C92000005 
00010638 
LV654321     
00134880 
00133303 
30624888 
30749417 
00134880 
00023144 
00023157 
30624890 
30630460 
00125377 
00023157 
00099496 
30214467 
00060321 
00037138 
00150309 
00150309 
00125377 
00023157 
00099496 
30214467 
30F28858 
00037138 
30799571 
30785144 
00037138 
30765291 
00150309 
30F13916 
30785432 
00201307 
30F12996 
30785432 
30624888 
00134880 
30624890 
30775158 
30630460 
30775153 
30799727 
30779818 
30R33795 
30802590 
30R32651 
30624888 
00134880 
00150309 
30624890 
30630460 
30624888 
30749417 
00134880 
00023144 
00023157 
30624890 
30630460 
00133303 
30775153 
30799727 
30779818 
30224253 
C92000005 
00010638 
00158192 
00187050 
00093607 
00070718 
00120952 
00187068 
00190526 
00120567 
00014653 
00203849 
00200453 
00190004 
00181123 
00162806 
00220414 
00200526 
00079010 
00050981 
00251120 
00091877 
00079010 
30797395 
00150309 
00079010 
00133519 
00090805 
00023157 
00099496 
00125377 
30214467 
00037138 
30F28858 
30799571 
00023157 
30214467 
00125377 
00099496 
00134880 
00151180 
00187068 
00187050 
00093607 
00190526 
00158192 
00070718 
00200453 
00120567 
00120952 
00014653 
00203849 
LV654321     
00201307 
30388186 
00014957 
00150528 
00150335 
00160172 
00014977 
00167550 
00094070 
00150528 
00150335 
00160172 
00014977 
00167550 
00094070 
00251120 
00125377 
00099496 
00023157 
30214467 
00014957 
30R32712 
00036043 
